010000009015826573202602270000200000000000000000202602272302B                                                                                                                                                               
05000000000000000000000000001                                                                                                                                                                                               
0600000000000000000000000000000000000000000000000000000009128185210000000000000000000000000000000002202602271653000000000899000000000000000000000100000000000000000000000000028300000002000                                 
0600000000000000000000000000000000000000000000000000000007955501050000000000000000000000000000000002202602271653000000000468990000000000000000000100000000000000000000000000028300000003000                                 
0600000000000000000000000000000000000000000000000000000003001693120000000000000000000000000000000002202602271741180000000849490000000000000000000100000000000000000000000000028300000004000                                 
0600000000000000000000000000000000000000000000000000000011009490370000000000000000000000000000000002202602271642390000001919630000000000000000000100000000000000000000000000018810000005000                                 
0600000000000000000000000000000000000000000000000000000000910780120000000000000000000000000000000002202602271614460000000849500000000000000000000100000000000000000000000000020280000006000                                 
0600000000000000000000000000000000000000000000000000000010040631900000000000000000000000000000000002202602270958190000000466110000000000000000000100000000000000000000000000020990000007000                                 
0600000000000000000000000000000000000000000000000000000000911083610000000000000000000000000000000002202602271742490000000851000000000000000000000100000000000000000000000000035200000008000                                 
0600000000000000000000000000000000000000000000000000000000910761780000000000000000000000000000000002202602271435590000000799000000000000000000000100000000000000000000000000035580000009000                                 
0600000000000000000000000000000000000000000000000000000000914974360000000000000000000000000000000002202602270856480000000901640000000000000000000100000000000000000000000000040510000010000                                 
0600000000000000000000000000000000000000000000000000000000139298670000000000000000000000000000000002202602271124240000000999000000000000000000000100000000000000000000000000041010000011000                                 
0600000000000000000000000000000000000000000000000000000011023692030000000000000000000000000000000002202602271042120000000698990000000000000000000100000000000000000000000000080150000012000                                 
0600000000000000000000000000000000000000000000000000000010054672310000000000000000000000000000000002202602271818420000000798990000000000000000000100000000000000000000000000080150000013000                                 
080000000120000000001050134000000000000000000000001                                                                                                                                                                         
09000000012000000000105013400000000000000000000                                                                                                                                                                             
